100.0000   0.0000
97.7232  -0.1362
95.1995  -0.3170
92.4189  -0.5959
90.2856  -0.8519
87.6318  -1.2066
85.0914  -1.5753
82.0456  -2.0409
78.5679  -2.5893
76.0108  -2.9933
73.1652  -3.4366
69.9543  -3.9188
67.6892  -4.2471
65.1254  -4.6030
62.8336  -4.9040
60.2282  -5.2241
57.6545  -5.5163
55.1675  -5.7743
52.7172  -6.0019
50.1768  -6.2079
47.7699  -6.3757
45.2812  -6.5184
42.6858  -6.6346
40.0404  -6.7162
37.5100  -6.7589
34.9563  -6.7648
32.4576  -6.7349
30.0724  -6.6732
27.6538  -6.5767
25.2619  -6.4480
22.5580  -6.2596
19.9059  -6.0281
17.4339  -5.7649
14.9953  -5.4513
12.3782  -5.0453
10.0814  -4.6137
8.0231  -4.1544
6.5302  -3.7535
4.9423  -3.2584
3.8748  -2.8682
2.9841  -2.4929
2.0099  -2.0085
1.0041  -1.3680
0.5721  -1.0055
0.2736  -0.6797
0.0000   0.0000
0.1401   0.5760
0.4735   1.1566
0.9321   1.7253
1.9558   2.6827
3.1463   3.5720
4.1584   4.2160
5.0454   4.7240
6.5544   5.4981
7.7582   6.0506
9.4940   6.7695
10.9629   7.3128
12.3985   7.7985
13.9008   8.2627
15.8616   8.8070
17.7574   9.2740
19.7382   9.7043
21.7957  10.0922
23.9050  10.4312
25.7607  10.6813
27.6415  10.8899
29.6740  11.0632
31.6415  11.1868
33.5156  11.2451
35.1246  11.2630
36.6719  11.2499
39.1480  11.1693
40.4168  11.1010
42.1859  10.9761
43.5065  10.8619
45.1088  10.6990
46.4727  10.5432
48.1050  10.3347
49.6040  10.1236
51.2747   9.8676
52.5852   9.6537
54.5261   9.3204
57.1988   8.8326
59.6715   8.3617
62.1676   7.8695
64.6203   7.3755
67.1146   6.8654
69.6924   6.3330
72.1701   5.8166
74.5861   5.3109
76.7186   4.8635
78.6845   4.4516
80.8220   4.0060
82.2143   3.7160
84.5219   3.2365
87.4614   2.6289
90.6094   1.9811
92.9504   1.5022
95.7015   0.9362
98.2243   0.4139
100.0000   0.0000
